{
 "cells": [
  {
   "attachments": {},
   "cell_type": "markdown",
   "metadata": {},
   "source": [
    "#### Build a Jupyter Notebook to do the following:\n",
    "a.\tDownload the dataset into pandas dataframe <br>\n",
    "b.\tRemove ‘1M’ column and use the date from 1/1/1996 – 11/20/2016 (we will leave the last year out) <br>\n",
    "c.\tConstruct series of daily differences <br>\n",
    "d.\tCompute correlations and volatilities among the series (using level data) <br>\n",
    "e.\tCompute correlations and volatilities among the series (using daily differences) <br>\n",
    "f.\tPlot the volatility curves computed in 2d & 2e <br>"
   ]
  },
  {
   "cell_type": "code",
   "execution_count": 83,
   "metadata": {},
   "outputs": [],
   "source": [
    "import pandas as pd\n",
    "import matplotlib.pyplot as plt\n",
    "import datetime\n",
    "#from matplotlib.finance import date2num"
   ]
  },
  {
   "cell_type": "code",
   "execution_count": 72,
   "metadata": {},
   "outputs": [],
   "source": [
    "rates = pd.read_csv('HW1_data.csv').drop('1 Mo',axis=1).dropna()\n",
    "daily_diff = rates.set_index('Date').diff().dropna()\n",
    "corr_rates = rates.corr()\n",
    "corr_diff = daily_diff.corr()\n",
    "vol_rates = rates.std()\n",
    "vol_diff = daily_diff.std()"
   ]
  },
  {
   "cell_type": "code",
   "execution_count": 74,
   "metadata": {},
   "outputs": [
    {
     "data": {
      "text/html": [
       "<div>\n",
       "<style>\n",
       "    .dataframe thead tr:only-child th {\n",
       "        text-align: right;\n",
       "    }\n",
       "\n",
       "    .dataframe thead th {\n",
       "        text-align: left;\n",
       "    }\n",
       "\n",
       "    .dataframe tbody tr th {\n",
       "        vertical-align: top;\n",
       "    }\n",
       "</style>\n",
       "<table border=\"1\" class=\"dataframe\">\n",
       "  <thead>\n",
       "    <tr style=\"text-align: right;\">\n",
       "      <th></th>\n",
       "      <th>3 Mo</th>\n",
       "      <th>6 Mo</th>\n",
       "      <th>1 Yr</th>\n",
       "      <th>2 Yr</th>\n",
       "      <th>3 Yr</th>\n",
       "      <th>5 Yr</th>\n",
       "      <th>7 Yr</th>\n",
       "      <th>10 Yr</th>\n",
       "      <th>20 Yr</th>\n",
       "      <th>30 Y</th>\n",
       "    </tr>\n",
       "  </thead>\n",
       "  <tbody>\n",
       "    <tr>\n",
       "      <th>3 Mo</th>\n",
       "      <td>1.000000</td>\n",
       "      <td>0.998918</td>\n",
       "      <td>0.996032</td>\n",
       "      <td>0.986673</td>\n",
       "      <td>0.977653</td>\n",
       "      <td>0.956862</td>\n",
       "      <td>0.937254</td>\n",
       "      <td>0.914724</td>\n",
       "      <td>0.874737</td>\n",
       "      <td>0.859671</td>\n",
       "    </tr>\n",
       "    <tr>\n",
       "      <th>6 Mo</th>\n",
       "      <td>0.998918</td>\n",
       "      <td>1.000000</td>\n",
       "      <td>0.998364</td>\n",
       "      <td>0.990045</td>\n",
       "      <td>0.981303</td>\n",
       "      <td>0.960755</td>\n",
       "      <td>0.940972</td>\n",
       "      <td>0.918583</td>\n",
       "      <td>0.877949</td>\n",
       "      <td>0.861858</td>\n",
       "    </tr>\n",
       "    <tr>\n",
       "      <th>1 Yr</th>\n",
       "      <td>0.996032</td>\n",
       "      <td>0.998364</td>\n",
       "      <td>1.000000</td>\n",
       "      <td>0.995625</td>\n",
       "      <td>0.988910</td>\n",
       "      <td>0.970961</td>\n",
       "      <td>0.952639</td>\n",
       "      <td>0.931478</td>\n",
       "      <td>0.892107</td>\n",
       "      <td>0.876857</td>\n",
       "    </tr>\n",
       "    <tr>\n",
       "      <th>2 Yr</th>\n",
       "      <td>0.986673</td>\n",
       "      <td>0.990045</td>\n",
       "      <td>0.995625</td>\n",
       "      <td>1.000000</td>\n",
       "      <td>0.998038</td>\n",
       "      <td>0.986578</td>\n",
       "      <td>0.972590</td>\n",
       "      <td>0.953131</td>\n",
       "      <td>0.917188</td>\n",
       "      <td>0.902901</td>\n",
       "    </tr>\n",
       "    <tr>\n",
       "      <th>3 Yr</th>\n",
       "      <td>0.977653</td>\n",
       "      <td>0.981303</td>\n",
       "      <td>0.988910</td>\n",
       "      <td>0.998038</td>\n",
       "      <td>1.000000</td>\n",
       "      <td>0.994324</td>\n",
       "      <td>0.983815</td>\n",
       "      <td>0.966634</td>\n",
       "      <td>0.933509</td>\n",
       "      <td>0.919791</td>\n",
       "    </tr>\n",
       "    <tr>\n",
       "      <th>5 Yr</th>\n",
       "      <td>0.956862</td>\n",
       "      <td>0.960755</td>\n",
       "      <td>0.970961</td>\n",
       "      <td>0.986578</td>\n",
       "      <td>0.994324</td>\n",
       "      <td>1.000000</td>\n",
       "      <td>0.996752</td>\n",
       "      <td>0.986415</td>\n",
       "      <td>0.960688</td>\n",
       "      <td>0.949276</td>\n",
       "    </tr>\n",
       "    <tr>\n",
       "      <th>7 Yr</th>\n",
       "      <td>0.937254</td>\n",
       "      <td>0.940972</td>\n",
       "      <td>0.952639</td>\n",
       "      <td>0.972590</td>\n",
       "      <td>0.983815</td>\n",
       "      <td>0.996752</td>\n",
       "      <td>1.000000</td>\n",
       "      <td>0.995114</td>\n",
       "      <td>0.977531</td>\n",
       "      <td>0.968025</td>\n",
       "    </tr>\n",
       "    <tr>\n",
       "      <th>10 Yr</th>\n",
       "      <td>0.914724</td>\n",
       "      <td>0.918583</td>\n",
       "      <td>0.931478</td>\n",
       "      <td>0.953131</td>\n",
       "      <td>0.966634</td>\n",
       "      <td>0.986415</td>\n",
       "      <td>0.995114</td>\n",
       "      <td>1.000000</td>\n",
       "      <td>0.991459</td>\n",
       "      <td>0.985636</td>\n",
       "    </tr>\n",
       "    <tr>\n",
       "      <th>20 Yr</th>\n",
       "      <td>0.874737</td>\n",
       "      <td>0.877949</td>\n",
       "      <td>0.892107</td>\n",
       "      <td>0.917188</td>\n",
       "      <td>0.933509</td>\n",
       "      <td>0.960688</td>\n",
       "      <td>0.977531</td>\n",
       "      <td>0.991459</td>\n",
       "      <td>1.000000</td>\n",
       "      <td>0.995245</td>\n",
       "    </tr>\n",
       "    <tr>\n",
       "      <th>30 Y</th>\n",
       "      <td>0.859671</td>\n",
       "      <td>0.861858</td>\n",
       "      <td>0.876857</td>\n",
       "      <td>0.902901</td>\n",
       "      <td>0.919791</td>\n",
       "      <td>0.949276</td>\n",
       "      <td>0.968025</td>\n",
       "      <td>0.985636</td>\n",
       "      <td>0.995245</td>\n",
       "      <td>1.000000</td>\n",
       "    </tr>\n",
       "  </tbody>\n",
       "</table>\n",
       "</div>"
      ],
      "text/plain": [
       "           3 Mo      6 Mo      1 Yr      2 Yr      3 Yr      5 Yr      7 Yr  \\\n",
       "3 Mo   1.000000  0.998918  0.996032  0.986673  0.977653  0.956862  0.937254   \n",
       "6 Mo   0.998918  1.000000  0.998364  0.990045  0.981303  0.960755  0.940972   \n",
       "1 Yr   0.996032  0.998364  1.000000  0.995625  0.988910  0.970961  0.952639   \n",
       "2 Yr   0.986673  0.990045  0.995625  1.000000  0.998038  0.986578  0.972590   \n",
       "3 Yr   0.977653  0.981303  0.988910  0.998038  1.000000  0.994324  0.983815   \n",
       "5 Yr   0.956862  0.960755  0.970961  0.986578  0.994324  1.000000  0.996752   \n",
       "7 Yr   0.937254  0.940972  0.952639  0.972590  0.983815  0.996752  1.000000   \n",
       "10 Yr  0.914724  0.918583  0.931478  0.953131  0.966634  0.986415  0.995114   \n",
       "20 Yr  0.874737  0.877949  0.892107  0.917188  0.933509  0.960688  0.977531   \n",
       "30 Y   0.859671  0.861858  0.876857  0.902901  0.919791  0.949276  0.968025   \n",
       "\n",
       "          10 Yr     20 Yr      30 Y  \n",
       "3 Mo   0.914724  0.874737  0.859671  \n",
       "6 Mo   0.918583  0.877949  0.861858  \n",
       "1 Yr   0.931478  0.892107  0.876857  \n",
       "2 Yr   0.953131  0.917188  0.902901  \n",
       "3 Yr   0.966634  0.933509  0.919791  \n",
       "5 Yr   0.986415  0.960688  0.949276  \n",
       "7 Yr   0.995114  0.977531  0.968025  \n",
       "10 Yr  1.000000  0.991459  0.985636  \n",
       "20 Yr  0.991459  1.000000  0.995245  \n",
       "30 Y   0.985636  0.995245  1.000000  "
      ]
     },
     "execution_count": 74,
     "metadata": {},
     "output_type": "execute_result"
    }
   ],
   "source": [
    "corr_rates"
   ]
  },
  {
   "cell_type": "code",
   "execution_count": 55,
   "metadata": {},
   "outputs": [
    {
     "data": {
      "text/html": [
       "<div>\n",
       "<style>\n",
       "    .dataframe thead tr:only-child th {\n",
       "        text-align: right;\n",
       "    }\n",
       "\n",
       "    .dataframe thead th {\n",
       "        text-align: left;\n",
       "    }\n",
       "\n",
       "    .dataframe tbody tr th {\n",
       "        vertical-align: top;\n",
       "    }\n",
       "</style>\n",
       "<table border=\"1\" class=\"dataframe\">\n",
       "  <thead>\n",
       "    <tr style=\"text-align: right;\">\n",
       "      <th></th>\n",
       "      <th>3 Mo</th>\n",
       "      <th>6 Mo</th>\n",
       "      <th>1 Yr</th>\n",
       "      <th>2 Yr</th>\n",
       "      <th>3 Yr</th>\n",
       "      <th>5 Yr</th>\n",
       "      <th>7 Yr</th>\n",
       "      <th>10 Yr</th>\n",
       "      <th>20 Yr</th>\n",
       "      <th>30 Y</th>\n",
       "    </tr>\n",
       "  </thead>\n",
       "  <tbody>\n",
       "    <tr>\n",
       "      <th>3 Mo</th>\n",
       "      <td>1.000000</td>\n",
       "      <td>0.857751</td>\n",
       "      <td>0.762564</td>\n",
       "      <td>0.542207</td>\n",
       "      <td>0.439164</td>\n",
       "      <td>0.268911</td>\n",
       "      <td>0.174134</td>\n",
       "      <td>0.117239</td>\n",
       "      <td>-0.015782</td>\n",
       "      <td>-0.025747</td>\n",
       "    </tr>\n",
       "    <tr>\n",
       "      <th>6 Mo</th>\n",
       "      <td>0.857751</td>\n",
       "      <td>1.000000</td>\n",
       "      <td>0.902561</td>\n",
       "      <td>0.689748</td>\n",
       "      <td>0.579364</td>\n",
       "      <td>0.386563</td>\n",
       "      <td>0.276192</td>\n",
       "      <td>0.211913</td>\n",
       "      <td>0.052493</td>\n",
       "      <td>0.034796</td>\n",
       "    </tr>\n",
       "    <tr>\n",
       "      <th>1 Yr</th>\n",
       "      <td>0.762564</td>\n",
       "      <td>0.902561</td>\n",
       "      <td>1.000000</td>\n",
       "      <td>0.841025</td>\n",
       "      <td>0.745604</td>\n",
       "      <td>0.561083</td>\n",
       "      <td>0.446944</td>\n",
       "      <td>0.375863</td>\n",
       "      <td>0.201743</td>\n",
       "      <td>0.176793</td>\n",
       "    </tr>\n",
       "    <tr>\n",
       "      <th>2 Yr</th>\n",
       "      <td>0.542207</td>\n",
       "      <td>0.689748</td>\n",
       "      <td>0.841025</td>\n",
       "      <td>1.000000</td>\n",
       "      <td>0.943581</td>\n",
       "      <td>0.825022</td>\n",
       "      <td>0.724492</td>\n",
       "      <td>0.651158</td>\n",
       "      <td>0.474854</td>\n",
       "      <td>0.438329</td>\n",
       "    </tr>\n",
       "    <tr>\n",
       "      <th>3 Yr</th>\n",
       "      <td>0.439164</td>\n",
       "      <td>0.579364</td>\n",
       "      <td>0.745604</td>\n",
       "      <td>0.943581</td>\n",
       "      <td>1.000000</td>\n",
       "      <td>0.921470</td>\n",
       "      <td>0.844253</td>\n",
       "      <td>0.780554</td>\n",
       "      <td>0.621879</td>\n",
       "      <td>0.584869</td>\n",
       "    </tr>\n",
       "    <tr>\n",
       "      <th>5 Yr</th>\n",
       "      <td>0.268911</td>\n",
       "      <td>0.386563</td>\n",
       "      <td>0.561083</td>\n",
       "      <td>0.825022</td>\n",
       "      <td>0.921470</td>\n",
       "      <td>1.000000</td>\n",
       "      <td>0.961232</td>\n",
       "      <td>0.921958</td>\n",
       "      <td>0.807936</td>\n",
       "      <td>0.772765</td>\n",
       "    </tr>\n",
       "    <tr>\n",
       "      <th>7 Yr</th>\n",
       "      <td>0.174134</td>\n",
       "      <td>0.276192</td>\n",
       "      <td>0.446944</td>\n",
       "      <td>0.724492</td>\n",
       "      <td>0.844253</td>\n",
       "      <td>0.961232</td>\n",
       "      <td>1.000000</td>\n",
       "      <td>0.969738</td>\n",
       "      <td>0.893852</td>\n",
       "      <td>0.862975</td>\n",
       "    </tr>\n",
       "    <tr>\n",
       "      <th>10 Yr</th>\n",
       "      <td>0.117239</td>\n",
       "      <td>0.211913</td>\n",
       "      <td>0.375863</td>\n",
       "      <td>0.651158</td>\n",
       "      <td>0.780554</td>\n",
       "      <td>0.921958</td>\n",
       "      <td>0.969738</td>\n",
       "      <td>1.000000</td>\n",
       "      <td>0.939225</td>\n",
       "      <td>0.916365</td>\n",
       "    </tr>\n",
       "    <tr>\n",
       "      <th>20 Yr</th>\n",
       "      <td>-0.015782</td>\n",
       "      <td>0.052493</td>\n",
       "      <td>0.201743</td>\n",
       "      <td>0.474854</td>\n",
       "      <td>0.621879</td>\n",
       "      <td>0.807936</td>\n",
       "      <td>0.893852</td>\n",
       "      <td>0.939225</td>\n",
       "      <td>1.000000</td>\n",
       "      <td>0.978712</td>\n",
       "    </tr>\n",
       "    <tr>\n",
       "      <th>30 Y</th>\n",
       "      <td>-0.025747</td>\n",
       "      <td>0.034796</td>\n",
       "      <td>0.176793</td>\n",
       "      <td>0.438329</td>\n",
       "      <td>0.584869</td>\n",
       "      <td>0.772765</td>\n",
       "      <td>0.862975</td>\n",
       "      <td>0.916365</td>\n",
       "      <td>0.978712</td>\n",
       "      <td>1.000000</td>\n",
       "    </tr>\n",
       "  </tbody>\n",
       "</table>\n",
       "</div>"
      ],
      "text/plain": [
       "           3 Mo      6 Mo      1 Yr      2 Yr      3 Yr      5 Yr      7 Yr  \\\n",
       "3 Mo   1.000000  0.857751  0.762564  0.542207  0.439164  0.268911  0.174134   \n",
       "6 Mo   0.857751  1.000000  0.902561  0.689748  0.579364  0.386563  0.276192   \n",
       "1 Yr   0.762564  0.902561  1.000000  0.841025  0.745604  0.561083  0.446944   \n",
       "2 Yr   0.542207  0.689748  0.841025  1.000000  0.943581  0.825022  0.724492   \n",
       "3 Yr   0.439164  0.579364  0.745604  0.943581  1.000000  0.921470  0.844253   \n",
       "5 Yr   0.268911  0.386563  0.561083  0.825022  0.921470  1.000000  0.961232   \n",
       "7 Yr   0.174134  0.276192  0.446944  0.724492  0.844253  0.961232  1.000000   \n",
       "10 Yr  0.117239  0.211913  0.375863  0.651158  0.780554  0.921958  0.969738   \n",
       "20 Yr -0.015782  0.052493  0.201743  0.474854  0.621879  0.807936  0.893852   \n",
       "30 Y  -0.025747  0.034796  0.176793  0.438329  0.584869  0.772765  0.862975   \n",
       "\n",
       "          10 Yr     20 Yr      30 Y  \n",
       "3 Mo   0.117239 -0.015782 -0.025747  \n",
       "6 Mo   0.211913  0.052493  0.034796  \n",
       "1 Yr   0.375863  0.201743  0.176793  \n",
       "2 Yr   0.651158  0.474854  0.438329  \n",
       "3 Yr   0.780554  0.621879  0.584869  \n",
       "5 Yr   0.921958  0.807936  0.772765  \n",
       "7 Yr   0.969738  0.893852  0.862975  \n",
       "10 Yr  1.000000  0.939225  0.916365  \n",
       "20 Yr  0.939225  1.000000  0.978712  \n",
       "30 Y   0.916365  0.978712  1.000000  "
      ]
     },
     "execution_count": 55,
     "metadata": {},
     "output_type": "execute_result"
    }
   ],
   "source": [
    "corr_diff"
   ]
  },
  {
   "cell_type": "code",
   "execution_count": 76,
   "metadata": {},
   "outputs": [
    {
     "name": "stdout",
     "output_type": "stream",
     "text": [
      "3 Mo     2.392956\n",
      "6 Mo     2.419103\n",
      "1 Yr     2.396583\n",
      "2 Yr     2.350353\n",
      "3 Yr     2.238812\n",
      "5 Yr     2.003136\n",
      "7 Yr     1.838768\n",
      "10 Yr    1.628409\n",
      "20 Yr    1.520352\n",
      "30 Y     1.319253\n",
      "dtype: float64\n"
     ]
    }
   ],
   "source": [
    "print(vol_rates)"
   ]
  },
  {
   "cell_type": "code",
   "execution_count": 75,
   "metadata": {},
   "outputs": [
    {
     "name": "stdout",
     "output_type": "stream",
     "text": [
      "3 Mo     0.069879\n",
      "6 Mo     0.061751\n",
      "1 Yr     0.057158\n",
      "2 Yr     0.059367\n",
      "3 Yr     0.059712\n",
      "5 Yr     0.061623\n",
      "7 Yr     0.062459\n",
      "10 Yr    0.059863\n",
      "20 Yr    0.057793\n",
      "30 Y     0.056163\n",
      "dtype: float64\n"
     ]
    }
   ],
   "source": [
    "print(vol_diff)"
   ]
  },
  {
   "cell_type": "code",
   "execution_count": 93,
   "metadata": {},
   "outputs": [
    {
     "data": {
      "image/png": "iVBORw0KGgoAAAANSUhEUgAAAYUAAAEWCAYAAACJ0YulAAAABHNCSVQICAgIfAhkiAAAAAlwSFlz\nAAALEgAACxIB0t1+/AAAIABJREFUeJzt3Xl8VdW5//HPk4lAEsYEkEFAARWVMQzOeB2xKHXWqyJO\nOFTbeq/22lt/rVq9tdVax4rggFyt1qlWvY5VcAAtkziACMhQQAghiCQggSTP74+9czgJGSEnJyf5\nvl+v88o+a6+zz7PPTvKcvdbea5m7IyIiApAU7wBERKTpUFIQEZEIJQUREYlQUhARkQglBRERiVBS\nEBGRCCWFFsjMJpjZR3vx+jfM7OKqtmVmRWa2Xw2vXWhmo/f0vavZ5gFmtsDMCs3spw257XD7o81s\nTdTzyD5Y4Akz+87MZodlV5tZXvhZdGroeJobM7vAzN6uYf1RZvZ1Y8bUkikpJCAze9PMbquifJyZ\nrTezlAZ8r1vM7KnoMncf4+5PVlXf3TPdfXn42qlmdnul9Qe7+4yGii/0C2C6u2e5+/0NvO3dVNqH\nI4ETgB7uPsLMUoF7gBPDz6Ig1vFEq+ozj/H7zTCzy/dmG+7+tLufGLVNN7O+Ues/dPcD9uY9pO6U\nFBLTk8CFZmaVyi8Cnnb3kjjEFE+9gIV78sIGSKC9gJXuvjV83gVI34t4kvcynoTSkF9gpIG4ux4J\n9gBaA98DR0eVdQC2A4PC5+2AaUA+sAq4GUgK100APop67X3AamALMA84Kiw/GdgB7ASKgM/C8hnA\n5dVsy4G+wMTwdTvC174arl8JHB8uJwE3Ad8ABcBzQMdwXTrwVFi+GZgDdKnis3gPKA33vQjoX4d9\nnwn8Kdz27dV8vlOB74BFwI3Amqj1K4HjgcvC9y0N3/sZYGv4GRQB74X1DwTeATYBXwPnRG1rKvAw\n8Hr42uOBVsDdwL+APGAS0DqsPxpYA/wnsAFYB1wSrqvyM69i/xy4BlgKFAK/BfYHZoW/A88BaVG/\nV6+Fn+V34XKPcN0dlT77B4He4fZTot5vBhV/Xyp8/kT9DgEfhK/fGm7z3PJ9jtpeN+DFMKYVwE+j\n1o0A5ob7kQfcE++/10R7xD0APfbwwMEU4NGo51cCC6KeTwP+DmSFf6hLgMvCdZE/wvD5hUAnICX8\nZ7MeSA/X3QI8Vem9K/+R75YUwuWpVPqnS8Wk8DPgE6AHwT/CR4BnovbnVaANkAwMA9pW81lE4qnj\nvpcA14X727qK7d0JfAh0BHoCX1JFUqhm/3sT9U8RyCBIuJeE7zcE2AgMiPqMvgeOIEiS6QT/MF8J\n3z8r/Bx+F9YfHcZ/G5AKnAJsAzpU95lXsX8efj5tgYOBYuBdYD+ChLoIuDis2wk4MzwOWcDzwMs1\nfPYV9r+a35cKn38Vn2Hkdyhqn9eEy0kEX1x+DaSFMS8HTgrXfwxcFC5nAqPi/beaaA81HyWuJ4Gz\nzCw9fD4+LCtvgjgP+KW7F7r7SuCPBM1Lu3H3p9y9wN1L3P2PBP+gG6MN9yrgV+6+xt2LCRLQWWGT\nwk6Cf0h93b3U3ee5+5baNljHff/W3R8I9/eHKjZzDnCHu29y99XA3vRTjCVoXnoifL9PCb7lnh1V\n5+/uPtPdywj+QU8Erg/fvxD4n3Cfyu0EbnP3ne7+OsE36voerz+4+xZ3X0iQ9N529+Xu/j3wBkHy\nIvy9eNHdt4Wx3AEcU98PoZLaPv+aDAdy3P02d9/hQf/VFHZ9PjuBvmaW7e5F7v7JXsba4qg9L0G5\n+0dmthH4sZnNIThtPiNcnU3wLXJV1EtWAd2r2paZ3UDQFNKN4Fta23AbsdYL+JuZlUWVlRK0y/8v\nwbf0Z82sPUFT0q/cfWct26zLvq+uZRvdKtVZVV3FOugFjDSzzVFlKQT7V1U8OQTfyudFdRkZwdlS\nuQKv2G+0jeBbcX3kRS3/UMXzrgBm1obgzOVkgqYkgCwzS3b30nq+Z7naPv+a9AK6Vfo8kwnO7CD4\nPb4NWGxmK4Bb3f21vXi/FkdJIbFNIzhDOAB4y93L/7A3Enxj6kXQFACwL7C28gbM7CiCq3eOAxa6\ne5mZfUfwjwiCJLGnanvtauBSd59ZzfpbgVvNrDdBm/vXwGO1bLMu+15bXOsIElJ5Z/G+tdSvyWrg\nfXc/oYY60fFsJPinfLC773a86qChhz3+T4Lfr5Huvt7MBgOfUv3vR3mHexuCdn0IE0wDxbgaWOHu\n/apa6e5LgfPNLIngS9ILZtbJd10IILVQ81Fim0bQMXkFYdMRQPgN7jngDjPLMrNewH8QfNuuLIug\njTcfSDGzXxOcKZTLA3qHf2T1lUfQ5ludSWGMvQDMLMfMxoXLx5rZoWFz0BaCf/Rl1W8qUM99r85z\nwC/NrIOZ9SBo/95TrwH9zewiM0sNH8PN7KBq4i8jaA75k5l1BjCz7mZ2Uh3fr7bPvL6yCJLUZjPr\nCPympvdz93yCBHyhmSWb2aUEndj1UdM+zAYKzey/zKx1+B6HmNlwADO70Mxyws+x/Gyi1t8b2UVJ\nIYGF7eWzCDozX6m0+jqCb23LgY+AvwCPV7GZt4A3CTpjVxFcSRJ9ev98+LPAzObXM8THgAFmttnM\nXq5i/X1h3G+bWSFBp/PIcF1X4AWChPAV8D4Vm1xqUtd9r86tBJ/FCuDterzvbsJ2+BMJ2ry/JejE\n/z1Bv011/gtYBnxiZluAf1D3PoPaPvP6upegM3gjwfF5s9L6+wj6gb4zs/K+lysIrtgqIOjInlXP\n97wFeDLch3OiV4RJfywwmOD4bAQeJeggh6CZa6GZFYWxnbcH/RYtmrlrkh0REQnoTEFERCKUFERE\nJEJJQUREIpQUREQkImb3KZhZT4JLJrsQXJc82d3vq1RnNMHt9ivCopfcfbfRP6NlZ2d77969Gzxe\nEZHmbN68eRvdPae2erG8ea0E+E93n29mWQR3aL7j7osq1fvQ3cfWdaO9e/dm7ty5DRqoiEhzZ2Z1\nujM/Zs1H7r7O3eeHy4UE15pXOcyCiIg0DY3SpxAOUzAE+GcVqw83s8/D2bwOrub1E81srpnNzc/P\nj2GkIiItW8yTgpllEowK+fMqRrmcD+zr7gOBB4Aq78B098nunuvuuTk5tTaJiYjIHorpgHjh1IQv\nEswG9lLl9dFJwt1fN7M/h0PeboxlXCJStZ07d7JmzRq2b98e71BkD6Wnp9OjRw9SU1P36PWxvPrI\nCMZh+crd76mmTlcgz93dzEYQnLk06py2IrLLmjVryMrKonfv3uw+26s0de5OQUEBa9asoU+fPnu0\njVieKRxBMLHJF2a2ICz7b8JhiN19EnAWcLWZlRCMxHieazAmkbjZvn27EkICMzM6derE3vS9xiwp\nuPtH7Bpzvbo6DxLM6yoiTYQSQmLb2+PXIu9onrVsI39fsJatxSW1VxYRaUFa1Mxr7s4D7y3jnneW\nANAmLZmTD+nKWUN7MGq/TiQl6RuSSKK49957mThxIm3atIl3KM1Ki0kKxSWl/PKlL3hp/lpOH9Kd\nc4f35OVP1/J/n6/jpflr6dYundOHdufMoT3YL6e+092KSCy4O+5OUtLujRr33nsvF154oZJCA2sx\nzUd/m7+Wl+av5frj+3PPOYMYtV8n7jxzIHNuPp4Hzh9C/65ZPDzjG/7tj+9z1sOz+Oucf1Gk5iWR\nRrdy5UoOOOAAxo8fzyGHHMJll11Gbm4uBx98ML/5TTAb6P3338+3337Lsccey7HHHgvA22+/zWGH\nHcbQoUM5++yzKSoqAuCmm25iwIABDBw4kBtuuCFu+5UoEm7mtdzcXN+TsY/Kypy5q75jRJ+O1dbJ\n27Kdl+av5fl5q1mev5XWqcmMOaQrZ+X2YFQfNS9J8/fVV19x0EHB9NG3vrqQRd9Wvt907wzo1pbf\nnFrlwAURK1euZL/99mPWrFmMGjWKTZs20bFjR0pLSznuuOO4//77GThwYGQctOzsbDZu3MgZZ5zB\nG2+8QUZGBr///e8pLi7mJz/5CYcffjiLFy/GzNi8eTPt27dv0H1qiqKPYzkzm+fuubW9tsU0HyUl\nWY0JAaBL23SuHr0/Vx2zH5+u3szzc9fw2mff8tKna+nRoTVnDu3BWcN60LOjTldFYqlXr16MGjUK\ngOeee47JkydTUlLCunXrWLRoEQMHDqxQ/5NPPmHRokUcccQRAOzYsYPDDjuMdu3akZ6ezmWXXcbY\nsWMZO7bOY2+2WC0mKdSHmTF03w4M3bcDvzl1AG8tXM/zc9dw/3tLue/dpRzdP4c/nj2InKya5l4X\nSWy1faOPpYyMDABWrFjB3XffzZw5c+jQoQMTJkyo8m5rd+eEE07gmWee2W3d7Nmzeffdd3nhhRd4\n8MEHee+992IefyJrMX0Keyo9NZlxg7vz1OUj+ei//o3/OKE/c1Zs4qxJs/hXwbZ4hyfSrG3ZsoWM\njAzatWtHXl4eb7zxRmRdVlYWhYWFAIwaNYqZM2eybNkyALZu3cqSJUsoKiri+++/55RTTuFPf/oT\nn332WVz2I5HoTKEeurdvzU+P68eR/bK5dOoczpw0iycvGcGAbm3jHZpIszRo0CCGDBnCgQceSM+e\nPSPNQwATJ07k5JNPplu3bkyfPp2pU6dy/vnnU1xcDMDtt99OVlYW48aNY/v27bg799xT5Yg7EqXF\ndDQ3tGUbCrnosdkUbS9hysW5jNqvU7xDEtlrVXVQSuLZm45mNR/tob6ds3jx6sPp3LYV4x+fzVsL\n18c7JBGRvaaksBe6tW/NC1cdzoB92nL1U/N4dva/4h2SiMheUVLYSx0y0vjLFSM5sl8ON730BQ9N\nX0aiNcmJiJRTUmgAbdJSeHR8LuMGd+Out77m1lcXUVamxCAiiUdXHzWQtJQk/nTOYDpmpPHEzJVs\n2rqDu88eRFqK8q6IJA4lhQaUlGT8euwAsjNbcddbX7P5h51MunAobdL0MYtIYtDX2AZmZvzk2L78\n/sxD+WhpPuMfm03h9p3xDkskId1yyy3cfffdNdaZNGkS06ZNA2DChAm88MILe/ReM2bMiAyD8cor\nr3DnnXcCkJ+fz8iRIxkyZAgffvghzz//PAcddFBkIL7mRl9hY+Tc4fuS0SqFnz+7gAsf/SdPXjqC\n9m3S4h2WSLNz1VVXNfg2TzvtNE477TQA3n33XQ499FAeffRRAE4++WSmTJnCkUceWadtlZSUkJKS\nOP9qdaYQQ2MHduPPFwzlq3WFnD/lnxQUFcc7JJEm74477qB///4ceeSRfP3115HyKVOmMHz4cAYN\nGsSZZ57Jtm3BMDNVnU289957/PjHP448f+eddzj99NN3e68333yTAw88kKFDh/LSSy9FyqdOncq1\n117LggUL+MUvfsHf//53Bg8ezK233spHH33EZZddxo033khpaSk33ngjw4cPZ+DAgTzyyCNAcNZx\n1FFHcdpppzFgwAAAnnrqKUaMGMHgwYO58sorKS0tBSAzM5Nf/epXDBo0iFGjRpGXlwdAXl4ep59+\nOoMGDWLQoEHMmjWrxu00lMRJXwnqxIO7MuXiXCZOm8u5kz/hL5ePpHPb9HiHJVK7N26C9V807Da7\nHgpj7qx29bx583j22WdZsGABJSUlDB06lGHDhgFwxhlncMUVVwBw880389hjj3HddddVuZ1jjz2W\na665hvz8fHJycnjiiSe49NJLK9TZvn07V1xxBe+99x59+/bl3HPP3W07gwcP5rbbbmPu3Lk8+GAw\nnfz06dO5++67yc3NZfLkybRr1445c+ZQXFzMEUccwYknngjA/Pnz+fLLL+nTpw9fffUVf/3rX5k5\ncyapqalcc801PP3004wfP56tW7cyatQo7rjjDn7xi18wZcoUbr75Zn76059yzDHH8Le//Y3S0lKK\niopq3E5D0ZlCIzimfw5TLxnBt5t/4JxHPmbt5h/iHZJIk/Thhx9y+umn06ZNG9q2bRtpwgH48ssv\nOeqoozj00EN5+umnWbhwYbXbMTMuuuginnrqKTZv3szHH3/MmDFjKtRZvHgxffr0oV+/fpgZF154\nYb3jffvtt5k2bRqDBw9m5MiRFBQUsHTpUgBGjBhBnz59gKAJat68eQwfPpzBgwfz7rvvsnz5cgDS\n0tIifRnDhg1j5cqVQHC2c/XVVwOQnJxMu3btatxOQ9GZQiM5bP9O/O9lI5jw+BzOmfQxz1wxin07\naV4GacJq+EYfDxMmTODll19m0KBBTJ06lRkzZtRY/5JLLuHUU08lPT2ds88+Oybt+u7OAw88wEkn\nnVShfMaMGZHhv8vrXXzxxfzud7/bbRupqamYBRN4JScnU1JS/YyPNW2noehMoREN69WRv1wxiq07\nSjj7kVl8k18U75BEmpSjjz6al19+mR9++IHCwkJeffXVyLrCwkL22Wcfdu7cydNPP13rtrp160a3\nbt24/fbbueSSS3Zbf+CBB7Jy5Uq++eYbgCrnYqjNSSedxMMPP8zOncEVhkuWLGHr1q271TvuuON4\n4YUX2LBhAwCbNm1i1apVNW77uOOO4+GHHwagtLSU77//fo+2U19KCo3s0B7teOaKUZSWOec+8jGL\n1zfsdIciiWzo0KGce+65DBo0iDFjxjB8+PDIut/+9reMHDmSI444ggMPPLBO27vgggvo2bNnlSO/\npqenM3nyZH70ox8xdOhQOnfuXO94L7/8cgYMGMDQoUM55JBDuPLKK6v8pj9gwABuv/12TjzxRAYO\nHMgJJ5zAunXratz2fffdx/Tp0zn00EMZNmwYixYt2qPt1JeGzo6TZRuKuODRTyguKeOpy0ZySPd2\n8Q5JpNkNnX3ttdcyZMgQLrvssniH0qg0dHYC6ts5k+euPIyMtBTOn/IJ81Z9F++QRJqVYcOG8fnn\nn+9RB3JLpqQQR706ZfDcVYfRMSON8Y/9k0+WF8Q7JJFmY968eXzwwQe0aqW51OtDSSHOurdvzXNX\nHkbXdulMeGI2HyzJj3dI0sIlWpOyVLS3x09JoQno0jadv155GL07ZXD5k3P5x6K8eIckLVR6ejoF\nBQVKDAnK3SkoKCA9fc9vkFVHcxOyedsOxj8+m0XfbuG+84bwo4H7xDskaWF27tzJmjVr2L59e7xD\nkT2Unp5Ojx49SE1NrVBe145m3bzWhLRvk8ZTl4/kkifmcN0z89lROojTh/SId1jSgqSmpkbuwpWW\nSc1HTUzb9FSmXTqCkX068R/PfaZ5n0WkUSkpNEEZrVJ44pLhHB3O+zx15op4hyQiLUTMkoKZ9TSz\n6Wa2yMwWmtnPqqhjZna/mS0zs8/NbGis4kk06anJTB4/jBMGdOGWVxcx6f1v4h2SiLQAsTxTKAH+\n090HAKOAn5jZgEp1xgD9wsdE4OEYxpNwWqUk8+cLhjJ24D7c+cZi7v3HEl0VIiIxFbOOZndfB6wL\nlwvN7CugO7Aoqto4YJoH/+k+MbP2ZrZP+FoBUpOTuO+8IaSnJnPvP5ayedtObhpzIOmpyfEOTUSa\noUbpUzCz3sAQ4J+VVnUHVkc9XxOWVX79RDOba2Zz8/Nb3s1dyUnGH84cyKVH9GHqrJWMfeAjPlu9\nOd5hiUgzFPOkYGaZwIvAz919j4YEdffJ7p7r7rk5OTkNG2CCSEoyfn3qAJ68dARbi0s44+FZ3PXW\nYopLGnYqPhFp2WKaFMwslSAhPO3uL1VRZS3QM+p5j7BMqnFM/xzeuv5ozhzanYemf8NpD8zky7Xf\nxzssEWkmYnn1kQGPAV+5+z3VVHsFGB9ehTQK+F79CbVrm57KH84axBMThrP5hx2Me2gm97yzhB0l\nZfEOTUQSXCzPFI4ALgL+zcwWhI9TzOwqM7sqrPM6sBxYBkwBrolhPM3OsQd25u2fH8O4wd24/92l\njHtoJou+1aQ9IrLnNPZRM/HOojx++dIXbN62g58e14+rR+9ParLuTRSRgCbZaWFOGNCFd64/mh8N\n3Id73lnC6X+eydfrC+MdlogkGCWFZqRDRhr3nTeESRcOZd3m7Zz6wEc8NH0ZJaXqaxCRulFSaIZO\nPmQf3r7+aI4f0Jm73vqaMyd9zLINOmsQkdopKTRTnTJb8ecLhvHgvw/hXwVbOeX+j5j8wTeUliVW\nH5KINC4lhWZu7MBuvH39MYzun8P/vL6YsyfNYnl+UbzDEpEmSkmhBcjJasUjFw3jvvMG803+Vsbc\n9yGPfbSCMp01iEglSgothJkxbnB33rn+aI7sm81vX1vEeZM/YeXGrfEOTUSaECWFFqZz23QevTiX\nP549iK/Wb2HMfR/ywLtL2b5TYyiJiJJCi2RmnDmsB+9cfwyjD8jhj+8s4bg/vs+rn32r+RpEWjgl\nhRasa7t0Hr5wGM9cMYq2rVO57plPOeeRj/lijQbYE2mplBSEw/bvxGvXHcmdZxzKio1bOe2hj7jx\n+c/YsGV7vEMTkUampCBAMJHPeSP25b0bRjPxqP14ecFajr17Bg9NX6b+BpEWRElBKmibnsovTzmI\nd64/hsP7ZnPXW19z/D3v8/oX69TfINICKClIlXpnZzBlfC5PXz6SzFYpXPP0fM6b/Ikm9BFp5pQU\npEZH9M3mteuO5PYfH8LSDUWc+uBH3PTi5+QXFsc7NBGJASUFqVVKchIXjurF9BtGc9kRfXhh3hqO\nvXsGk97/RnNEizQzSgpSZ+1ap3Lz2AG8ff3RjOzTkTvfWMyJf/qAtxauV3+DSDOhpCD1tl9OJo9N\nGM60S0eQlpzElf87jwse/SdfrdNUoCKJTklB9tjR/XN442dHcdu4g1m0bgs/uv9D/vtvX1BQpP4G\nkUSlpCB7JSU5ifGH9WbGDaMZf1hv/jpnNaPvmsGUD5azo0QzvokkGiUFaRDt26Rxy2kH89bPj2Jo\nrw7c8fpXnHTvB/xjUZ76G0QSiJKCNKi+nbN48tIRPHHJcJIMLp82l/GPz2ZJnqYDFUkESgoSE8ce\n0Jk3f340vx47gM9Wb2bMfR/y/17+kk1bd8Q7NBGpgZKCxExqchKXHtmHGTceywUj9+Uvs//F6Lum\n8/hHK9hZqv4GkabIEq29Nzc31+fOnRvvMGQPLMkr5LevLeLDpRvZLyeDq4/Znx4d2pCTlUanjFa0\nb5OKmcU7TJFmyczmuXturfWUFKQxuTvvLd7A7f/3FSsqTQWakmR0ygwSRHZWK7Iz08jODH5WLuuY\nkUZqsk50ReqqrkkhpTGCESlnZhx3UBeO7p/D8vytFBQVk19UzMaiHRQUFbMxavmbDUXkFxVXe2lr\n+zapu5JGZityopazM1vRKTMtLGtF67TkRt5TkcSkpCBxkZqcxAFds4CsGuu5O0XFJbsljY3hckG4\nvOjbLWwsKqZwe0mV22mTlhxJFNlhosiOWu4UdVbSrrWasaTlUlKQJs3MyEpPJSs9lT7ZGbXW376z\nlE1bdyWN8gRSEJVIVm/axqf/+o5NW3dQVkXraWqy0Smj6gRSuaxjRhopasaSZkRJQZqV9NRkurVv\nTbf2rWutW1rmfLetYtLILyymYOsONpb/LCpmaV4hG4t2sKOaK6Y6RJqxdiWNnKxWdMpI260sPVXN\nWNK0KSlIi5WcZJF/5rVxdwqLS3Yli8JiNpb/jEoqC7/dwsbCYgqLq27GykhLJjsqYWRntSI7Iy3s\nRA/Ls1qRndGKtq1T1IwljU5JQaQOzIy26am0TU9lv5za62/fWboreYRJI79SM9aqgm3MW/Udm7bt\noKqLANOSk4KrsSr1feRUasbqlJlGxzZqxpKGoaQgEgPpqcl0b9+a7nVsxirvB4lOGrv6Q4Llr9cX\nUlBNM5YZdGyzK4F0yqx4SW/lMjVjSXVilhTM7HFgLLDB3Q+pYv1o4O/AirDoJXe/LVbxiDRVyUlG\nTlbQ51Abd2fL9pJIoihPGvmVrs76Ys1mNhbtoKiaZqzMVim7dZ4Hl/WmkZOVzv45GfTqlEFais4+\nWppYnilMBR4EptVQ50N3HxvDGESaFTOjXetU2rWuezNW9L0fFS/pDZq3VmzcypyV3/FdpWaslCSj\nd3YG/Tpn0q9zJn27ZNGvcyZ9sjN0ptGMxSwpuPsHZtY7VtsXkdqlpybTo0MbenRoU2vdktIyNm3b\nQd73xXyTX8TSDYUszSvi6/WFvLVwfeTy3SSDXp3CZNElk36ds+jbOZP9czJ1k2AzEO8+hcPN7HNg\nLXCDuy+sqpKZTQQmAuy7776NGJ5Iy5GSnETnrHQ6Z6VzaI92FdZt31nKyoKtLM0rYmleIUs3FLF0\nQxHvLd5ASZgtzKBnhzbhWUWQLPp1zqRv50wyWsX7X43UVUzHPgrPFF6rpk+hLVDm7kVmdgpwn7v3\nq22bGvtIpOnYUVLGqoKtQZLIC84ulm0oYnn+1god4t3btw7PKsIziy5BsmibnhrH6FuWJj/2kbtv\niVp+3cz+bGbZ7r4xXjGJSP2kpSTRr0sW/bpkwaG7yktKy1i1aRtL84pYtqEwkjQ+/qaA4qixrLq2\nTadfmCD6d9l1ZtG+TVoc9kYgjknBzLoCee7uZjaCYG6HgnjFIyINJyU5if1zgn4G6BopLy1z1ny3\nLTyr2HVm8ezs1fywszRSLyer1W4d3P06Z9KpDjcayt6J5SWpzwCjgWwzWwP8BkgFcPdJwFnA1WZW\nAvwAnOeJNo63iNRLcpLRq1NwuevxA7pEysvKnLWbf2DZhl0d3Es3FPHi/LUVLqvtmJEWnlVE9Vl0\nySQns5Xu/m4gmk9BRJosd2f9lu0szStiSV5hmDSCzu4tUSPitmudGrkaqm+YLPp1yaRr23Qli1CT\n71MQEamNmbFPu9bs0641R/ffdWOGu5NfWBxJEOVXQ7355Xq+27Y6Ui+rVUp4JdSuDu5+nTPp1q41\nSUlKFlVRUhCRhGNmdG6bTue26RzRN7vCuoKiYpZU6uB+b3E+z81dE6nTJi2ZvmGndnkzVP8uWfTo\noGShpCAizUqnzFYcltmKw/bvVKH8u607WJZf8dLZmcs28tL8tZE66alBB3nQ/JQVJo1M9u3YpsUM\nOKikICItQoeMNIZndGR4744Vyr//YSfLNoRnFmEH95yV3/Hygm8jddKSk9gvJyNyZtG/S9Bn0atT\nRrObK1xxSiFOAAAOW0lEQVRJQURatHatUxnWqwPDenWoUF5UXMI3G3ZdOrs0r4jP1mzmtc/XReqk\nJBl9sjN26+Duk51Bq5TEHPJDSUFEpAqZrVIY1LM9g3q2r1C+bUcJy/O3Vrh09qt1hbz55a7xoZKT\njF4d2+y6KS+8QW//nMwmP5igkoKISD20SUvhkO7tOKT77uNDlSeLZVHDfry7eAOlUeND7dsxHB8q\n6syib+dM2qQ1jX/HTSMKEZEEl56azIBubRnQrW2F8h0lZbsGEwyviFqWV8T7S/LZWbrrPrEeHVrv\n1sHdt3MmWY08PpSSgohIDKWlJNG/Sxb9u2QB+0TKd5aWsapgW4UO7qUbipj5TQE7osaH2qddeqSD\n+7iDOu92CW5DqzUpmNn+wBp3Lw5nSxsITHP3zTGNTESkGUtNTorcK3Fy1DjSpWXO6k3bWLoh+i7u\nQv4yexVZ6SnxTwrAi0CumfUFJhNMofkX4JRYBiYi0hIlhzPe9c7O4IRK40NVNT93Q6vLBbZl7l4C\nnA484O43En0OJCIiMZeUZI1y5VJdksJOMzsfuBh4LSzTzBgiIs1QXZLCJcBhwB3uvsLM+gD/G9uw\nREQkHmrtU3D3RcBPo56vAH4fy6BERCQ+qk0KZvYFUNVkCwa4uw+MWVQiIhIXNZ0pjG20KEREpEmo\nNim4+6ryZTPrAgwPn8529w2xDkxERBpfrR3NZnYOMBs4GzgH+KeZnRXrwEREpPHV5ea1XwHDy88O\nzCwH+AfwQiwDExGRxleXS1KTKjUXFdTxdSIikmDqcqbwhpm9BTwTPj8XeD12IYmISLzUJSlsAJ4C\nBofPJ7v732IXkoiIxEtdmoEygJuAEcAKYFZMIxIRkbipNSm4+63ufjDwE4KB8N43s3/EPDIREWl0\n9ekw3gCsJ+ho7hybcEREJJ7qcp/CNWY2A3gX6ARcoSEuRESap7p0NPcEfu7uC2IdjIiIxFddRkn9\nZWMEIiIi8aeb0EREJEJJQUREIpQUREQkQklBREQiYpYUzOxxM9tgZl9Ws97M7H4zW2Zmn5vZ0FjF\nIiIidRPLM4WpwMk1rB8D9AsfE4GHYxiLiIjUQcySgrt/AGyqoco4YJoHPgHam9k+sYpHRERqF88+\nhe7A6qjna8Ky3ZjZRDOba2Zz8/PzGyU4EZGWKCE6mt19srvnuntuTk5OvMMREWm24pkU1hIMoVGu\nR1gmIiJxEs+k8AowPrwKaRTwvbuvi2M8IiItXl0GxNsjZvYMMBrINrM1wG+AVAB3n0QwpecpwDJg\nG3BJrGIREZG6iVlScPfza1nvBBP3iIhIE5EQHc0iItI4lBRERCRCSUFERCKUFEREJEJJQUREIpQU\nREQkQklBREQilBRERCRCSUFERCKUFEREJEJJQUREIpQUREQkQklBREQilBRERCRCSUFERCKUFERE\nJEJJQUREIpQUREQkQklBREQilBRERCRCSUFERCKUFEREJEJJQUREIpQUREQkQklBREQilBRERCRC\nSUFERCKUFEREJEJJQUREIpQUREQkQklBREQilBRERCRCSUFERCJimhTM7GQz+9rMlpnZTVWsH21m\n35vZgvDx61jGIyIiNUuJ1YbNLBl4CDgBWAPMMbNX3H1RpaofuvvYWMUhIiJ1F8szhRHAMndf7u47\ngGeBcTF8PxER2UuxTArdgdVRz9eEZZUdbmafm9kbZnZwVRsys4lmNtfM5ubn58ciVhERIf4dzfOB\nfd19IPAA8HJVldx9srvnuntuTk5OowYoItKSxDIprAV6Rj3vEZZFuPsWdy8Kl18HUs0sO4YxiYhI\nDWKZFOYA/cysj5mlAecBr0RXMLOuZmbh8ogwnoIYxiQiIjWI2dVH7l5iZtcCbwHJwOPuvtDMrgrX\nTwLOAq42sxLgB+A8d/dYxSQiIjWzRPsfnJub63Pnzo13GCIiCcXM5rl7bm314t3RLCIiTYiSgoiI\nRCgpiIhIhJKCiIhEKCmIiEiEkoKIiEQoKYiISISSgoiIRCgpiIhIhJKCiIhEKCmIiEiEkoKIiEQo\nKYiISISSgoiIRCgpiIhIhJKCiIhEKCmIiEiEkoKIiEQoKYiISISSgoiIRCgpiIhIhJKCiIhEKCmI\niEiEkoKIiEQoKYiISISSgoiIRCgpiIhIhJKCiIhEtJykULoTSorjHYWISJOWEu8AGs030+G58dDr\ncNhvNHQ9FNp0hNYdg5+pbcCs4mvcoawkeJTu3LVcVhKsCyrVshz+9LJaHvWp47tvv6b3rrCO3cvM\nwJJ2/aT8efSjUp0q69nuyzVtC9v9M488t+rLKrymclkD19mtXhOPsXKsIvXUcpJCux4wbAIsnwHv\n/L/d1ye3gtTWUFYKZVEJQCSh1SVx1VCnQlkMyivksEZ6zwYtZ/fyWL7n0PFw+LXEUstJCl0GwJg7\ng+XC9bBpOWzbBNsK4IdNwXLJdkhKhaRkSE6FpJTgeXLKruWk5GDZjIq/BNUsV/tNuqpHbevLv13D\nrm/ZVfyMjqPKn1Rapg5nLuVnF7XUq/LMqIrXlb8nVDzDqfC8qrLKZzwNWaeq59W8rtFjrO699jLG\nGutUF2dN5VRTXsP+7vV7xqKcasrjvE+ZnYm1mCYFMzsZuA9IBh519zsrrbdw/SnANmCCu8+PZUwA\nZHUNHiIiUkHMOprNLBl4CBgDDADON7MBlaqNAfqFj4nAw7GKR0REahfLq49GAMvcfbm77wCeBcZV\nqjMOmOaBT4D2ZrZPDGMSEZEaxDIpdAdWRz1fE5bVt46IiDSShLhPwcwmmtlcM5ubn58f73BERJqt\nWCaFtUDPqOc9wrL61sHdJ7t7rrvn5uTkNHigIiISiGVSmAP0M7M+ZpYGnAe8UqnOK8B4C4wCvnf3\ndTGMSUREahCzS1LdvcTMrgXeIrgk9XF3X2hmV4XrJwGvE1yOuozgktRLYhWPiIjULqb3Kbj76wT/\n+KPLJkUtO/CTWMYgIiJ1Z17d3YhNlJnlA6vq+bJsYGMMwokH7UvTpH1puprT/uzNvvRy91o7ZRMu\nKewJM5vr7rnxjqMhaF+aJu1L09Wc9qcx9iUhLkkVEZHGoaQgIiIRLSUpTI53AA1I+9I0aV+arua0\nPzHflxbRpyAiInXTUs4URESkDpQUREQkolknBTM72cy+NrNlZnZTvOPZW2a20sy+MLMFZjY33vHU\nh5k9bmYbzOzLqLKOZvaOmS0Nf3aIZ4x1Vc2+3GJma8Njs8DMTolnjHVlZj3NbLqZLTKzhWb2s7A8\n4Y5NDfuScMfGzNLNbLaZfRbuy61hecyPS7PtUwgn+VkCnEAwJPcc4Hx3XxTXwPaCma0Ect094W7E\nMbOjgSKC+TMOCcv+AGxy9zvDpN3B3f8rnnHWRTX7cgtQ5O53xzO2+grnL9nH3eebWRYwD/gxMIEE\nOzY17Ms5JNixCWelzHD3IjNLBT4CfgacQYyPS3M+U6jLJD/SSNz9A2BTpeJxwJPh8pMEf8BNXjX7\nkpDcfV35FLjuXgh8RTCnScIdmxr2JeGEE48VhU9Tw4fTCMelOSeF5jiBjwP/MLN5ZjYx3sE0gC5R\no+KuB7rEM5gGcJ2ZfR42LzX55pbKzKw3MAT4Jwl+bCrtCyTgsTGzZDNbAGwA3nH3RjkuzTkpNEdH\nuvtggrmtfxI2YzQL4eCIidyW+TCwHzAYWAf8Mb7h1I+ZZQIvAj939y3R6xLt2FSxLwl5bNy9NPx7\n7wGMMLNDKq2PyXFpzkmhThP4JBJ3Xxv+3AD8jaCJLJHllc/JHf7cEOd49pi754V/xGXAFBLo2IRt\n1i8CT7v7S2FxQh6bqvYlkY8NgLtvBqYDJ9MIx6U5J4W6TPKTMMwsI+w8w8wygBOBL2t+VZP3CnBx\nuHwx8Pc4xrJXyv9QQ6eTIMcm7NB8DPjK3e+JWpVwx6a6fUnEY2NmOWbWPlxuTXDBzGIa4bg026uP\nAMJLz+5l1yQ/d8Q5pD1mZvsRnB1AMA/GXxJpf8zsGWA0wdC/ecBvgJeB54B9CYZDP8fdm3wHbjX7\nMpqgecKBlcCViTCLoJkdCXwIfAGUhcX/TdAWn1DHpoZ9OZ8EOzZmNpCgIzmZ4Mv7c+5+m5l1IsbH\npVknBRERqZ/m3HwkIiL1pKQgIiIRSgoiIhKhpCAiIhFKCiIiEqGkIFIHZjZ4T0fXNLPXzax9+Lgm\nqrybmb3QcFGK7D1dkipSB2Y2gWCE2mvr8Roj+BsrC5/3Bl4rH1lVpCnSmYK0GGbW28wWm9lUM1ti\nZk+b2fFmNjMcn35E+PjYzD41s1lmdkB4R/xtwLnhePznhmP03xC17S/D7fe2YA6PaQR3zva0YB6M\nbOBOYP9wG3eFdb8MX58cls0JB267Mizfx8w+CF/zpZkd1fifnLQkKfEOQKSR9QXOBi4lGArl34Ej\ngdMI7n4dDxzl7iVmdjzwP+5+ppn9mqgzhXD+hOr0Ay5290/CuuXlNwGHhIOclZ85lLsM+N7dh5tZ\nK2Cmmb1NMH7+W+5+RzhHSJu93H+RGikpSEuzwt2/ADCzhcC77u5m9gXQG2gHPGlm/QiGRUjdg/dY\nVZ4Q6uFEYKCZnRU+b0eQXOYAj4cDvb3s7gv2IB6ROlPzkbQ0xVHLZVHPywi+JP0WmB62+58KpFez\nnRIq/v1E19u6B3EZcJ27Dw4ffdz97XBCn6MJRvidambj92DbInWmpCBSUTt2DbE+Iaq8EMiKer4S\nGApgZkOBPnXYduVtRHsLuDo8I8DM+ocj4/YC8tx9CvBo+XuKxIqSgkhFfwB+Z2afUrF5dTowoLyj\nmWDM/o5hE9S1BPOB18jdCwj6Cr40s7sqrX4UWATMDzufHwnffzTwWRjPucB9e7V3IrXQJakiIhKh\nMwUREYlQUhARkQglBRERiVBSEBGRCCUFERGJUFIQEZEIJQUREYn4/4SyIW4M9oVlAAAAAElFTkSu\nQmCC\n",
      "text/plain": [
       "<matplotlib.figure.Figure at 0x10f07dc18>"
      ]
     },
     "metadata": {},
     "output_type": "display_data"
    }
   ],
   "source": [
    "# plot volatilities for different maturities\n",
    "#maturities = list(rates)[1:]\n",
    "#float_years = []\n",
    "#for i in range(len(maturities)):\n",
    "#    float_years.append(date2num(datetime.datetime.strptime(maturities[i],' %Mo')))\n",
    "maturities = [0.25,0.5,1,2,3,5,7,10,20,30]\n",
    "plt.plot(maturities,vol_rates,label='rates')\n",
    "plt.plot(maturities,vol_diff,label='daily difference')\n",
    "plt.xlabel('maturities')\n",
    "plt.ylabel('vols')\n",
    "plt.legend()\n",
    "plt.title('Volatilities for different maturities')\n",
    "plt.show()"
   ]
  }
 ],
 "metadata": {
  "kernelspec": {
   "display_name": "Python 3",
   "language": "python",
   "name": "python3"
  },
  "language_info": {
   "codemirror_mode": {
    "name": "ipython",
    "version": 3
   },
   "file_extension": ".py",
   "mimetype": "text/x-python",
   "name": "python",
   "nbconvert_exporter": "python",
   "pygments_lexer": "ipython3",
   "version": "3.6.1"
  }
 },
 "nbformat": 4,
 "nbformat_minor": 2
}
